order_id,order_ts,store_code,sku,quantity,unit_price,discount_pct,promo_id
ORD115479,2025-08-24 13:07:00,ST01,SKU0027,2,744.28,0.0,
ORD115479,2025-08-24 16:46:00,ST01,SKU0003,1,892.45,0.0,
ORD115480,2025-08-24 13:52:00,ST02,SKU0003,2,892.45,0.0,
ORD115480,2025-08-24 10:49:00,ST02,SKU0050,1,142.58,0.0,
ORD115481,2025-08-24 18:41:00,WEB,SKU0011,1,822.13,0.0,
ORD115481,2025-08-24 14:13:00,WEB,SKU0020,2,481.01,0.0,
ORD115481,2025-08-24 12:30:00,WEB,SKU0050,1,142.58,0.0,
ORD115482,2025-08-24 15:04:00,ST03,SKU0003,2,892.45,0.0,
ORD115482,2025-08-24 09:06:00,ST03,SKU0031,3,912.28,0.0,
ORD115483,2025-08-24 10:06:00,ST05,SKU0031,1,912.28,0.0,
ORD115483,2025-08-24 08:25:00,ST05,SKU0020,2,481.01,0.0,
ORD115483,2025-08-24 22:39:00,ST05,SKU0050,1,142.58,0.0,
ORD115483,2025-08-24 16:35:00,ST05,SKU0050,1,142.58,0.0,
ORD115484,2025-08-24 10:38:00,ST06,SKU0027,2,744.28,0.0,
ORD115484,2025-08-24 19:34:00,ST06,SKU0022,2,664.91,0.0,
ORD115484,2025-08-24 09:58:00,ST06,SKU0027,2,744.28,0.0,
ORD115484,2025-08-24 21:22:00,ST06,SKU0042,3,641.67,0.0,
ORD115485,2025-08-24 09:25:00,ST02,SKU0033,3,664.08,0.0,
ORD115485,2025-08-24 15:06:00,ST02,SKU0003,2,892.45,0.0,
ORD115485,2025-08-24 14:06:00,ST02,SKU0003,1,892.45,0.0,
ORD115485,2025-08-24 13:11:00,ST02,SKU0050,1,142.58,0.0,
ORD115486,2025-08-24 16:18:00,ST03,SKU0003,2,892.45,0.0,
ORD115487,2025-08-24 17:16:00,ST03,SKU0032,1,796.41,0.0,
ORD115487,2025-08-24 17:04:00,ST03,SKU0050,3,142.58,0.0,
ORD115487,2025-08-24 22:11:00,ST03,SKU0003,2,892.45,0.0,
ORD115488,2025-08-24 15:51:00,WEB,SKU0032,2,796.41,0.0,
ORD115489,2025-08-24 12:51:00,ST06,SKU0003,2,892.45,0.0,
ORD115489,2025-08-24 10:33:00,ST06,SKU0050,2,142.58,0.0,
ORD115490,2025-08-24 13:39:00,WEB,SKU0003,3,892.45,0.0,
ORD115491,2025-08-24 22:53:00,ST03,SKU0020,2,481.01,0.0,
ORD115492,2025-08-24 12:27:00,ST06,SKU0027,3,744.28,0.0,
ORD115493,2025-08-24 12:17:00,ST04,SKU0048,3,321.8,0.0,
ORD115493,2025-08-24 22:25:00,ST04,SKU0003,3,892.45,0.0,
ORD115494,2025-08-24 08:20:00,WEB,SKU0020,2,481.01,0.0,
ORD115495,2025-08-24 22:25:00,ST02,SKU0003,1,892.45,0.0,
ORD115495,2025-08-24 16:23:00,ST02,SKU0003,3,892.45,0.0,
ORD115496,2025-08-24 21:19:00,ST01,SKU0048,3,321.8,0.0,
ORD115496,2025-08-24 16:18:00,ST01,SKU0003,2,892.45,0.0,
ORD115497,2025-08-24 21:01:00,ST04,SKU0045,2,297.38,0.0,
ORD115497,2025-08-24 13:52:00,ST04,SKU0050,3,142.58,0.0,
ORD115498,2025-08-24 11:06:00,ST06,SKU0050,2,142.58,0.0,
ORD115499,2025-08-24 18:00:00,ST02,SKU0032,2,796.41,0.0,
ORD115499,2025-08-24 16:11:00,ST02,SKU0006,3,775.37,0.0,
ORD115500,2025-08-24 08:52:00,ST01,SKU0020,3,481.01,0.0,
ORD115501,2025-08-24 15:19:00,ST01,SKU0050,3,142.58,0.0,
ORD115502,2025-08-24 16:24:00,ST01,SKU0050,3,142.58,0.0,
ORD115502,2025-08-24 19:34:00,ST01,SKU0027,1,744.28,0.0,
ORD115502,2025-08-24 10:04:00,ST01,SKU0050,1,142.58,0.0,
ORD115502,2025-08-24 22:32:00,ST01,SKU0050,3,142.58,0.0,
ORD115503,2025-08-24 18:26:00,ST02,SKU0050,1,142.58,0.0,
ORD115504,2025-08-24 17:00:00,ST05,SKU0039,2,551.25,0.0,
ORD115504,2025-08-24 08:55:00,ST05,SKU0050,1,142.58,0.0,
ORD115504,2025-08-24 13:52:00,ST05,SKU0050,1,142.58,0.0,
ORD115504,2025-08-24 20:48:00,ST05,SKU0003,3,892.45,0.0,
ORD115505,2025-08-24 19:40:00,ST06,SKU0050,1,142.58,0.0,
ORD115505,2025-08-24 17:45:00,ST06,SKU0006,2,775.37,0.0,
ORD115505,2025-08-24 13:09:00,ST06,SKU0020,1,481.01,0.0,
ORD115505,2025-08-24 14:35:00,ST06,SKU0048,3,321.8,0.0,
ORD115506,2025-08-24 09:28:00,WEB,SKU0033,1,664.08,0.0,
ORD115506,2025-08-24 17:41:00,WEB,SKU0050,3,142.58,0.0,
ORD115506,2025-08-24 09:45:00,WEB,SKU0018,1,503.77,0.0,
ORD115506,2025-08-24 19:52:00,WEB,SKU0010,3,27.38,0.0,
ORD115507,2025-08-24 19:09:00,WEB,SKU0003,3,892.45,0.0,
ORD115507,2025-08-24 15:07:00,WEB,SKU0027,1,744.28,0.0,
ORD115507,2025-08-24 12:47:00,WEB,SKU0042,2,641.67,0.0,
ORD115507,2025-08-24 14:15:00,WEB,SKU0003,2,892.45,0.0,
ORD115508,2025-08-24 14:17:00,WEB,SKU0027,3,744.28,0.0,
ORD115508,2025-08-24 11:23:00,WEB,SKU0003,2,892.45,0.0,
ORD115509,2025-08-24 19:41:00,B2B,SKU0048,108,321.8,0.0,
ORD115509,2025-08-24 15:38:00,B2B,SKU0003,106,892.45,0.0,
ORD115509,2025-08-24 08:38:00,B2B,SKU0039,107,551.25,0.0,
ORD115510,2025-08-24 21:04:00,ST02,SKU0011,3,822.13,0.0,
ORD115510,2025-08-24 17:00:00,ST02,SKU0003,3,892.45,0.0,
ORD115511,2025-08-24 17:49:00,ST01,SKU0050,2,142.58,0.0,
ORD115511,2025-08-24 13:21:00,ST01,SKU0027,2,744.28,0.0,
ORD115512,2025-08-24 22:27:00,ST03,SKU0031,3,912.28,0.0,
ORD115513,2025-08-24 20:46:00,ST04,SKU0043,1,526.02,0.0,
ORD115514,2025-08-24 14:24:00,WEB,SKU0033,3,664.08,0.0,
ORD115514,2025-08-24 19:17:00,WEB,SKU0043,3,526.02,0.0,
ORD115514,2025-08-24 19:22:00,WEB,SKU0048,3,321.8,0.0,
ORD115514,2025-08-24 21:22:00,WEB,SKU0031,1,912.28,0.0,
ORD115515,2025-08-24 17:04:00,ST04,SKU0008,1,653.85,0.0,
ORD115515,2025-08-24 17:29:00,ST04,SKU0003,1,892.45,0.0,
ORD115516,2025-08-24 13:42:00,ST04,SKU0050,3,142.58,0.0,
ORD115516,2025-08-24 20:36:00,ST04,SKU0050,3,142.58,0.0,
ORD115516,2025-08-24 22:30:00,ST04,SKU0007,3,705.44,0.0,
ORD115517,2025-08-24 18:52:00,ST06,SKU0003,3,892.45,0.0,
ORD115517,2025-08-24 10:37:00,ST06,SKU0003,2,892.45,0.0,
ORD115518,2025-08-24 11:26:00,ST02,SKU0033,3,664.08,0.0,
ORD115519,2025-08-24 08:28:00,WEB,SKU0003,1,892.45,0.0,
ORD115519,2025-08-24 09:31:00,WEB,SKU0048,1,321.8,0.0,
ORD115519,2025-08-24 18:23:00,WEB,SKU0050,3,142.58,0.0,
ORD115519,2025-08-24 21:19:00,WEB,SKU0050,2,142.58,0.0,
ORD115520,2025-08-24 18:00:00,ST02,SKU0003,3,892.45,0.0,
ORD115520,2025-08-24 20:17:00,ST02,SKU0050,1,142.58,0.0,
ORD115520,2025-08-24 11:00:00,ST02,SKU0043,3,526.02,0.0,
ORD115521,2025-08-24 13:15:00,ST02,SKU0003,1,892.45,0.0,
ORD115521,2025-08-24 20:57:00,ST02,SKU0019,4,757.09,0.33,PR004
ORD115522,2025-08-24 11:17:00,ST02,SKU0039,3,551.25,0.0,
ORD115522,2025-08-24 10:17:00,ST02,SKU0050,3,142.58,0.0,
ORD115522,2025-08-24 18:18:00,ST02,SKU0003,3,892.45,0.0,
ORD115523,2025-08-24 21:29:00,ST03,SKU0003,1,892.45,0.0,
ORD115524,2025-08-24 19:51:00,ST06,SKU0027,1,744.28,0.0,
ORD115524,2025-08-24 09:27:00,ST06,SKU0050,3,142.58,0.0,
ORD115524,2025-08-24 09:52:00,ST06,SKU0050,3,142.58,0.0,
ORD115524,2025-08-24 20:44:00,ST06,SKU0003,1,892.45,0.0,
ORD115525,2025-08-24 08:13:00,ST04,SKU0005,1,898.6,0.0,
ORD115525,2025-08-24 18:42:00,ST04,SKU0050,2,142.58,0.0,
ORD115525,2025-08-24 08:15:00,ST04,SKU0043,1,526.02,0.0,
ORD115526,2025-08-24 16:46:00,WEB,SKU0050,2,142.58,0.0,
ORD115526,2025-08-24 12:07:00,WEB,SKU0050,3,142.58,0.0,
ORD115526,2025-08-24 13:19:00,WEB,SKU0003,2,892.45,0.0,
ORD115527,2025-08-24 21:17:00,ST05,SKU0048,2,321.8,0.0,
ORD115527,2025-08-24 09:28:00,ST05,SKU0003,2,892.45,0.0,
ORD115527,2025-08-24 20:39:00,ST05,SKU0050,2,142.58,0.0,
ORD115528,2025-08-24 13:31:00,WEB,SKU0031,3,912.28,0.0,
ORD115528,2025-08-24 16:59:00,WEB,SKU0050,1,142.58,0.0,
ORD115528,2025-08-24 21:02:00,WEB,SKU0050,2,142.58,0.0,
ORD115529,2025-08-24 22:50:00,ST05,SKU0003,3,892.45,0.0,
ORD115529,2025-08-24 15:51:00,ST05,SKU0003,1,892.45,0.0,
ORD115529,2025-08-24 11:00:00,ST05,SKU0027,1,744.28,0.0,
ORD115529,2025-08-24 12:19:00,ST05,SKU0050,3,142.58,0.0,
ORD115530,2025-08-24 08:34:00,ST05,SKU0050,2,142.58,0.0,
ORD115530,2025-08-24 13:03:00,ST05,SKU0050,3,142.58,0.0,
ORD115530,2025-08-24 10:44:00,ST05,SKU0031,3,912.28,0.0,
ORD115530,2025-08-24 19:14:00,ST05,SKU0003,2,892.45,0.0,
ORD115531,2025-08-24 19:13:00,WEB,SKU0003,3,892.45,0.0,
ORD115531,2025-08-24 11:18:00,WEB,SKU0003,3,892.45,0.0,
ORD115531,2025-08-24 16:32:00,WEB,SKU0034,2,364.75,0.0,
ORD115531,2025-08-24 18:58:00,WEB,SKU0050,3,142.58,0.0,
ORD115532,2025-08-24 12:57:00,B2B,SKU0005,67,898.6,0.0,
ORD115532,2025-08-24 13:09:00,B2B,SKU0050,115,142.58,0.0,
ORD115533,2025-08-24 12:31:00,ST02,SKU0017,2,411.56,0.0,
ORD115533,2025-08-24 20:42:00,ST02,SKU0003,2,892.45,0.0,
ORD115533,2025-08-24 19:57:00,ST02,SKU0027,3,744.28,0.0,
ORD115533,2025-08-24 19:29:00,ST02,SKU0020,3,481.01,0.0,
ORD115534,2025-08-24 21:32:00,ST06,SKU0050,3,142.58,0.0,
ORD115534,2025-08-24 11:42:00,ST06,SKU0027,2,744.28,0.0,
ORD115534,2025-08-24 17:30:00,ST06,SKU0003,2,892.45,0.0,
ORD115535,2025-08-24 20:26:00,ST02,SKU0050,3,142.58,0.0,
ORD115535,2025-08-24 15:30:00,ST02,SKU0052,3,208.57,0.0,
ORD115536,2025-08-24 12:09:00,ST03,SKU0033,2,664.08,0.0,
ORD115536,2025-08-24 10:22:00,ST03,SKU0003,3,892.45,0.0,
ORD115537,2025-08-24 12:05:00,ST04,SKU0003,1,892.45,0.0,
ORD115537,2025-08-24 17:17:00,ST04,SKU0003,1,892.45,0.0,
ORD115537,2025-08-24 13:17:00,ST04,SKU0003,2,892.45,0.0,
ORD115537,2025-08-24 12:28:00,ST04,SKU0050,1,142.58,0.0,
ORD115538,2025-08-24 09:41:00,ST02,SKU0003,2,892.45,0.0,
ORD115539,2025-08-24 15:31:00,WEB,SKU0027,3,744.28,0.0,
ORD115539,2025-08-24 19:22:00,WEB,SKU0039,1,551.25,0.0,
ORD115539,2025-08-24 14:35:00,WEB,SKU0050,2,142.58,0.0,
ORD115540,2025-08-24 17:50:00,ST01,SKU0003,1,892.45,0.0,
ORD115541,2025-08-24 15:51:00,ST05,SKU0020,3,481.01,0.0,
ORD115541,2025-08-24 13:24:00,ST05,SKU0003,2,892.45,0.0,
ORD115541,2025-08-24 19:55:00,ST05,SKU0003,1,892.45,0.0,
ORD115541,2025-08-24 19:00:00,ST05,SKU0003,3,892.45,0.0,
ORD115542,2025-08-24 19:04:00,ST03,SKU0031,2,912.28,0.0,
ORD115542,2025-08-24 22:40:00,ST03,SKU0003,1,892.45,0.0,
ORD115542,2025-08-24 12:34:00,ST03,SKU0019,3,757.09,0.33,PR004
ORD115542,2025-08-24 20:18:00,ST03,SKU0003,2,892.45,0.0,
ORD115543,2025-08-24 16:37:00,ST02,SKU0050,1,142.58,0.0,
ORD115543,2025-08-24 14:56:00,ST02,SKU0031,3,912.28,0.0,
ORD115544,2025-08-24 10:06:00,ST05,SKU0050,3,142.58,0.0,
ORD115545,2025-08-24 12:26:00,ST06,SKU0003,3,892.45,0.0,
ORD115546,2025-08-24 19:28:00,ST06,SKU0050,2,142.58,0.0,
ORD115546,2025-08-24 09:48:00,ST06,SKU0019,3,757.09,0.33,PR004
ORD115546,2025-08-24 17:25:00,ST06,SKU0003,2,892.45,0.0,
ORD115546,2025-08-24 15:01:00,ST06,SKU0048,1,321.8,0.0,
ORD115547,2025-08-24 22:35:00,ST03,SKU0048,1,321.8,0.0,
ORD115548,2025-08-24 10:21:00,ST05,SKU0050,1,142.58,0.0,
ORD115548,2025-08-24 15:13:00,ST05,SKU0048,3,321.8,0.0,
ORD115549,2025-08-24 20:22:00,ST04,SKU0003,3,892.45,0.0,
ORD115549,2025-08-24 19:22:00,ST04,SKU0005,2,898.6,0.0,
ORD115549,2025-08-24 15:07:00,ST04,SKU0020,2,481.01,0.0,
ORD115549,2025-08-24 19:43:00,ST04,SKU0003,1,892.45,0.0,
ORD115550,2025-08-24 11:08:00,ST05,SKU0048,2,321.8,0.0,
ORD115550,2025-08-24 16:40:00,ST05,SKU0027,2,744.28,0.0,
ORD115551,2025-08-24 21:46:00,WEB,SKU0050,1,142.58,0.0,
ORD115551,2025-08-24 09:53:00,WEB,SKU0031,2,912.28,0.0,
ORD115551,2025-08-24 11:41:00,WEB,SKU0027,2,744.28,0.0,
ORD115552,2025-08-24 11:17:00,ST06,SKU0003,3,892.45,0.0,
ORD115552,2025-08-24 15:50:00,ST06,SKU0003,2,892.45,0.0,
ORD115552,2025-08-24 20:52:00,ST06,SKU0050,3,142.58,0.0,
ORD115553,2025-08-24 11:32:00,ST04,SKU0050,2,142.58,0.0,
ORD115553,2025-08-24 16:41:00,ST04,SKU0019,3,757.09,0.33,PR004
ORD115553,2025-08-24 09:13:00,ST04,SKU0050,3,142.58,0.0,
ORD115554,2025-08-24 21:48:00,ST06,SKU0032,2,796.41,0.0,
ORD115554,2025-08-24 12:59:00,ST06,SKU0050,2,142.58,0.0,
ORD115555,2025-08-24 08:13:00,ST04,SKU0003,2,892.45,0.0,
ORD115555,2025-08-24 22:10:00,ST04,SKU0027,3,744.28,0.0,
ORD115555,2025-08-24 16:07:00,ST04,SKU0019,4,757.09,0.33,PR004
ORD115555,2025-08-24 22:55:00,ST04,SKU0027,3,744.28,0.0,
ORD115556,2025-08-24 21:29:00,ST02,SKU0003,3,892.45,0.0,
ORD115556,2025-08-24 21:20:00,ST02,SKU0027,1,744.28,0.0,
ORD115557,2025-08-24 19:56:00,WEB,SKU0032,1,796.41,0.0,
ORD115558,2025-08-24 13:57:00,WEB,SKU0003,1,892.45,0.0,
ORD115558,2025-08-24 15:44:00,WEB,SKU0043,1,526.02,0.0,
ORD115558,2025-08-24 22:09:00,WEB,SKU0039,3,551.25,0.0,
ORD115559,2025-08-24 08:14:00,ST05,SKU0050,2,142.58,0.0,
ORD115559,2025-08-24 12:18:00,ST05,SKU0020,1,481.01,0.0,
ORD115559,2025-08-24 15:22:00,ST05,SKU0003,3,892.45,0.0,
ORD115559,2025-08-24 09:27:00,ST05,SKU0027,3,744.28,0.0,
ORD115560,2025-08-24 19:01:00,ST02,SKU0003,3,892.45,0.0,
ORD115561,2025-08-24 15:32:00,WEB,SKU0033,3,664.08,0.0,
ORD115561,2025-08-24 11:09:00,WEB,SKU0003,2,892.45,0.0,
ORD115562,2025-08-24 12:56:00,ST02,SKU0010,3,27.38,0.0,
ORD115562,2025-08-24 10:06:00,ST02,SKU0003,1,892.45,0.0,
ORD115562,2025-08-24 22:32:00,ST02,SKU0002,1,939.58,0.0,
ORD115563,2025-08-24 21:57:00,WEB,SKU0050,3,142.58,0.0,
ORD115563,2025-08-24 11:50:00,WEB,SKU0050,3,142.58,0.0,
ORD115564,2025-08-24 09:53:00,ST05,SKU0029,2,898.86,0.33,PR006
ORD115565,2025-08-24 09:12:00,ST05,SKU0003,3,892.45,0.0,
ORD115565,2025-08-24 21:54:00,ST05,SKU0050,1,142.58,0.0,
ORD115566,2025-08-24 21:19:00,ST03,SKU0050,1,142.58,0.0,
ORD115566,2025-08-24 21:02:00,ST03,SKU0050,1,142.58,0.0,
ORD115567,2025-08-24 08:23:00,ST03,SKU0027,1,744.28,0.0,
ORD115567,2025-08-24 10:33:00,ST03,SKU0003,3,892.45,0.0,
ORD115567,2025-08-24 16:29:00,ST03,SKU0003,2,892.45,0.0,
ORD115568,2025-08-24 16:09:00,ST06,SKU0050,2,142.58,0.0,
ORD115569,2025-08-24 14:58:00,WEB,SKU0050,2,142.58,0.0,
ORD115570,2025-08-24 17:36:00,ST06,SKU0020,1,481.01,0.0,
ORD115570,2025-08-24 17:34:00,ST06,SKU0006,2,775.37,0.0,
ORD115570,2025-08-24 17:00:00,ST06,SKU0033,1,664.08,0.0,
ORD115571,2025-08-24 13:25:00,ST05,SKU0050,3,142.58,0.0,
ORD115571,2025-08-24 19:04:00,ST05,SKU0043,1,526.02,0.0,
ORD115571,2025-08-24 20:14:00,ST05,SKU0031,1,912.28,0.0,
ORD115572,2025-08-24 10:05:00,ST03,SKU0003,1,892.45,0.0,
ORD115572,2025-08-24 13:16:00,ST03,SKU0003,3,892.45,0.0,
ORD115572,2025-08-24 08:43:00,ST03,SKU0042,1,641.67,0.0,
ORD115572,2025-08-24 16:47:00,ST03,SKU0049,3,45.33,0.0,
ORD115573,2025-08-24 12:48:00,ST03,SKU0003,1,892.45,0.0,
ORD115573,2025-08-24 09:12:00,ST03,SKU0003,3,892.45,0.0,
ORD115573,2025-08-24 13:24:00,ST03,SKU0039,1,551.25,0.0,
ORD115574,2025-08-24 18:13:00,ST01,SKU0013,3,43.38,0.0,
ORD115575,2025-08-24 19:58:00,WEB,SKU0030,2,862.27,0.0,
ORD115575,2025-08-24 09:05:00,WEB,SKU0031,2,912.28,0.0,
ORD115576,2025-08-24 17:39:00,WEB,SKU0048,2,321.8,0.0,
ORD115576,2025-08-24 21:23:00,WEB,SKU0050,3,142.58,0.0,
ORD115577,2025-08-24 09:45:00,WEB,SKU0003,3,892.45,0.0,
ORD115578,2025-08-24 14:01:00,ST02,SKU0027,1,744.28,0.0,
ORD115578,2025-08-24 15:38:00,ST02,SKU0003,3,892.45,0.0,
ORD115579,2025-08-24 16:00:00,B2B,SKU0050,119,142.58,0.0,
ORD115579,2025-08-24 22:46:00,B2B,SKU0050,48,142.58,0.0,
ORD115579,2025-08-24 12:22:00,B2B,SKU0003,40,892.45,0.0,
ORD115579,2025-08-24 14:39:00,B2B,SKU0003,41,892.45,0.0,
ORD115580,2025-08-24 09:52:00,ST05,SKU0003,3,892.45,0.0,
ORD115580,2025-08-24 17:19:00,ST05,SKU0030,2,862.27,0.0,
ORD115581,2025-08-24 15:12:00,ST06,SKU0003,2,892.45,0.0,
ORD115581,2025-08-24 21:38:00,ST06,SKU0039,1,551.25,0.0,
ORD115582,2025-08-24 13:24:00,ST04,SKU0039,1,551.25,0.0,
ORD115583,2025-08-24 11:20:00,ST03,SKU0031,2,912.28,0.0,
ORD115584,2025-08-24 11:06:00,ST06,SKU0050,2,142.58,0.0,
ORD115584,2025-08-24 20:34:00,ST06,SKU0011,2,822.13,0.0,
ORD115585,2025-08-24 18:50:00,ST05,SKU0050,3,142.58,0.0,
ORD115585,2025-08-24 09:36:00,ST05,SKU0003,3,892.45,0.0,
ORD115585,2025-08-24 12:20:00,ST05,SKU0003,1,892.45,0.0,
ORD115585,2025-08-24 18:25:00,ST05,SKU0019,1,757.09,0.33,PR004
ORD115586,2025-08-24 15:29:00,B2B,SKU0031,70,912.28,0.0,
ORD115586,2025-08-24 09:38:00,B2B,SKU0003,86,892.45,0.0,
ORD115586,2025-08-24 15:18:00,B2B,SKU0030,53,862.27,0.0,
ORD115587,2025-08-24 14:25:00,ST03,SKU0003,1,892.45,0.0,
ORD115587,2025-08-24 13:40:00,ST03,SKU0050,1,142.58,0.0,
ORD115588,2025-08-24 17:41:00,ST04,SKU0027,1,744.28,0.0,
ORD115588,2025-08-24 12:17:00,ST04,SKU0031,3,912.28,0.0,
ORD115589,2025-08-24 17:41:00,WEB,SKU0050,1,142.58,0.0,
ORD115589,2025-08-24 17:41:00,WEB,SKU0048,2,321.8,0.0,
ORD115589,2025-08-24 18:58:00,WEB,SKU0020,1,481.01,0.0,
ORD115590,2025-08-24 19:05:00,WEB,SKU0027,3,744.28,0.0,
ORD115590,2025-08-24 18:06:00,WEB,SKU0033,2,664.08,0.0,
ORD115590,2025-08-24 09:14:00,WEB,SKU0003,1,892.45,0.0,
ORD115590,2025-08-24 14:38:00,WEB,SKU0003,2,892.45,0.0,
ORD115591,2025-08-24 21:01:00,WEB,SKU0003,3,892.45,0.0,
ORD115591,2025-08-24 19:59:00,WEB,SKU0048,1,321.8,0.0,
ORD115592,2025-08-24 12:06:00,ST02,SKU0003,2,892.45,0.0,
ORD115593,2025-08-24 11:58:00,ST01,SKU0003,3,892.45,0.0,
ORD115593,2025-08-24 14:15:00,ST01,SKU0003,1,892.45,0.0,
ORD115594,2025-08-24 16:52:00,B2B,SKU0039,115,551.25,0.0,
ORD115595,2025-08-24 13:51:00,ST03,SKU0031,2,912.28,0.0,
ORD115595,2025-08-24 09:38:00,ST03,SKU0039,3,551.25,0.0,
ORD115595,2025-08-24 20:06:00,ST03,SKU0005,2,898.6,0.0,
ORD115596,2025-08-24 11:38:00,ST05,SKU0050,3,142.58,0.0,
ORD115596,2025-08-24 13:05:00,ST05,SKU0020,2,481.01,0.0,
ORD115596,2025-08-24 14:24:00,ST05,SKU0027,2,744.28,0.0,
ORD115596,2025-08-24 18:52:00,ST05,SKU0050,1,142.58,0.0,
ORD115597,2025-08-24 15:47:00,ST02,SKU0050,3,142.58,0.0,
ORD115597,2025-08-24 10:24:00,ST02,SKU0033,2,664.08,0.0,
ORD115597,2025-08-24 13:22:00,ST02,SKU0050,3,142.58,0.0,
ORD115598,2025-08-24 16:19:00,ST06,SKU0027,1,744.28,0.0,
ORD115598,2025-08-24 15:09:00,ST06,SKU0003,2,892.45,0.0,
ORD115599,2025-08-24 14:35:00,B2B,SKU0003,93,892.45,0.0,
ORD115599,2025-08-24 08:34:00,B2B,SKU0030,105,862.27,0.0,
ORD115600,2025-08-24 08:59:00,ST02,SKU0031,3,912.28,0.0,
ORD115600,2025-08-24 14:55:00,ST02,SKU0020,3,481.01,0.0,
ORD115600,2025-08-24 17:43:00,ST02,SKU0050,3,142.58,0.0,
ORD115601,2025-08-24 16:20:00,WEB,SKU0020,2,481.01,0.0,
ORD115601,2025-08-24 14:51:00,WEB,SKU0003,2,892.45,0.0,
ORD115602,2025-08-24 20:10:00,B2B,SKU0003,57,892.45,0.0,
ORD115603,2025-08-24 11:18:00,ST01,SKU0050,1,142.58,0.0,
ORD115603,2025-08-24 16:50:00,ST01,SKU0050,1,142.58,0.0,
ORD115603,2025-08-24 21:32:00,ST01,SKU0031,2,912.28,0.0,
ORD115604,2025-08-24 16:13:00,ST02,SKU0050,3,142.58,0.0,
ORD115604,2025-08-24 19:35:00,ST02,SKU0050,3,142.58,0.0,
ORD115605,2025-08-24 08:43:00,WEB,SKU0050,2,142.58,0.0,
ORD115605,2025-08-24 18:52:00,WEB,SKU0013,2,43.38,0.0,
ORD115606,2025-08-24 08:13:00,WEB,SKU0029,3,898.86,0.33,PR006
ORD115606,2025-08-24 11:12:00,WEB,SKU0003,3,892.45,0.0,
ORD115606,2025-08-24 18:09:00,WEB,SKU0050,1,142.58,0.0,
ORD115607,2025-08-24 19:38:00,WEB,SKU0050,1,142.58,0.0,
ORD115607,2025-08-24 17:27:00,WEB,SKU0048,2,321.8,0.0,
ORD115607,2025-08-24 13:20:00,WEB,SKU0021,3,31.55,0.0,
ORD115607,2025-08-24 15:04:00,WEB,SKU0027,3,744.28,0.0,
ORD115608,2025-08-24 12:14:00,ST01,SKU0020,3,481.01,0.0,
ORD115608,2025-08-24 20:59:00,ST01,SKU0003,1,892.45,0.0,
ORD115608,2025-08-24 09:44:00,ST01,SKU0027,3,744.28,0.0,
ORD115608,2025-08-24 08:15:00,ST01,SKU0003,2,892.45,0.0,
ORD115609,2025-08-24 11:06:00,ST06,SKU0050,2,142.58,0.0,
ORD115609,2025-08-24 22:58:00,ST06,SKU0019,2,757.09,0.33,PR004
ORD115610,2025-08-24 09:39:00,ST05,SKU0050,2,142.58,0.0,
ORD115610,2025-08-24 17:51:00,ST05,SKU0042,2,641.67,0.0,
ORD115610,2025-08-24 15:12:00,ST05,SKU0003,3,892.45,0.0,
ORD115611,2025-08-24 14:09:00,WEB,SKU0003,1,892.45,0.0,
ORD115611,2025-08-24 21:40:00,WEB,SKU0050,1,142.58,0.0,
ORD115611,2025-08-24 09:02:00,WEB,SKU0048,3,321.8,0.0,
ORD115612,2025-08-24 15:54:00,ST04,SKU0003,1,892.45,0.0,
ORD115612,2025-08-24 12:42:00,ST04,SKU0003,1,892.45,0.0,
ORD115613,2025-08-24 16:30:00,WEB,SKU0039,2,551.25,0.0,
ORD115613,2025-08-24 21:09:00,WEB,SKU0003,2,892.45,0.0,
ORD115613,2025-08-24 21:17:00,WEB,SKU0003,2,892.45,0.0,
ORD115614,2025-08-24 20:33:00,ST06,SKU0043,2,526.02,0.0,
ORD115614,2025-08-24 15:49:00,ST06,SKU0039,3,551.25,0.0,
ORD115614,2025-08-24 15:52:00,ST06,SKU0027,2,744.28,0.0,
ORD115614,2025-08-24 14:31:00,ST06,SKU0050,2,142.58,0.0,
ORD115615,2025-08-24 14:34:00,ST02,SKU0039,3,551.25,0.0,
ORD115615,2025-08-24 08:03:00,ST02,SKU0050,3,142.58,0.0,
ORD115615,2025-08-24 11:15:00,ST02,SKU0003,2,892.45,0.0,
ORD115615,2025-08-24 15:59:00,ST02,SKU0003,3,892.45,0.0,
ORD115616,2025-08-24 15:35:00,WEB,SKU0003,1,892.45,0.0,
ORD115616,2025-08-24 12:03:00,WEB,SKU0003,1,892.45,0.0,
ORD115616,2025-08-24 19:47:00,WEB,SKU0050,1,142.58,0.0,
ORD115616,2025-08-24 18:03:00,WEB,SKU0050,3,142.58,0.0,
ORD115617,2025-08-24 16:16:00,ST02,SKU0048,2,321.8,0.0,
ORD115617,2025-08-24 12:27:00,ST02,SKU0027,2,744.28,0.0,
ORD115617,2025-08-24 20:44:00,ST02,SKU0048,2,321.8,0.0,
ORD115617,2025-08-24 22:05:00,ST02,SKU0029,4,898.86,0.33,PR006
ORD115618,2025-08-24 13:46:00,ST02,SKU0002,2,939.58,0.0,
ORD115618,2025-08-24 12:54:00,ST02,SKU0027,2,744.28,0.0,
ORD115619,2025-08-24 22:40:00,WEB,SKU0031,2,912.28,0.0,
ORD115620,2025-08-24 18:26:00,ST06,SKU0003,2,892.45,0.0,
ORD115620,2025-08-24 21:47:00,ST06,SKU0003,1,892.45,0.0,
ORD115620,2025-08-24 13:23:00,ST06,SKU0003,2,892.45,0.0,
ORD115621,2025-08-24 12:38:00,ST01,SKU0032,2,796.41,0.0,
ORD115622,2025-08-24 08:13:00,WEB,SKU0003,1,892.45,0.0,
ORD115622,2025-08-24 20:50:00,WEB,SKU0042,3,641.67,0.0,
ORD115622,2025-08-24 22:39:00,WEB,SKU0019,4,757.09,0.33,PR004
ORD115622,2025-08-24 15:44:00,WEB,SKU0007,2,705.44,0.0,
ORD115623,2025-08-24 16:36:00,ST04,SKU0050,2,142.58,0.0,
ORD115623,2025-08-24 19:22:00,ST04,SKU0027,3,744.28,0.0,
ORD115624,2025-08-24 10:50:00,ST06,SKU0011,1,822.13,0.0,
ORD115624,2025-08-24 18:39:00,ST06,SKU0050,3,142.58,0.0,
ORD115624,2025-08-24 16:25:00,ST06,SKU0008,1,653.85,0.0,
ORD115625,2025-08-24 11:19:00,ST01,SKU0050,1,142.58,0.0,
ORD115625,2025-08-24 20:26:00,ST01,SKU0027,1,744.28,0.0,
ORD115625,2025-08-24 21:33:00,ST01,SKU0003,1,892.45,0.0,
ORD115625,2025-08-24 21:52:00,ST01,SKU0031,2,912.28,0.0,
ORD115626,2025-08-24 09:24:00,ST03,SKU0003,3,892.45,0.0,
ORD115626,2025-08-24 22:56:00,ST03,SKU0003,1,892.45,0.0,
ORD115627,2025-08-24 21:19:00,ST05,SKU0003,3,892.45,0.0,
ORD115627,2025-08-24 13:53:00,ST05,SKU0003,3,892.45,0.0,
ORD115627,2025-08-24 11:45:00,ST05,SKU0043,3,526.02,0.0,
ORD115627,2025-08-24 18:34:00,ST05,SKU0050,2,142.58,0.0,
ORD115628,2025-08-24 13:22:00,WEB,SKU0050,1,142.58,0.0,
ORD115629,2025-08-24 20:37:00,ST02,SKU0003,2,892.45,0.0,
ORD115630,2025-08-24 09:49:00,ST05,SKU0033,3,664.08,0.0,
ORD115630,2025-08-24 15:26:00,ST05,SKU0003,1,892.45,0.0,
ORD115631,2025-08-24 20:20:00,ST06,SKU0032,2,796.41,0.0,
ORD115631,2025-08-24 13:11:00,ST06,SKU0050,1,142.58,0.0,
ORD115631,2025-08-24 16:33:00,ST06,SKU0003,1,892.45,0.0,
ORD115632,2025-08-24 15:16:00,WEB,SKU0050,2,142.58,0.0,
ORD115633,2025-08-24 22:12:00,ST03,SKU0050,1,142.58,0.0,
ORD115633,2025-08-24 08:03:00,ST03,SKU0048,3,321.8,0.0,
ORD115634,2025-08-24 12:54:00,ST03,SKU0039,2,551.25,0.0,
ORD115634,2025-08-24 20:54:00,ST03,SKU0048,3,321.8,0.0,
ORD115635,2025-08-24 18:52:00,ST02,SKU0050,1,142.58,0.0,
ORD115635,2025-08-24 22:30:00,ST02,SKU0048,2,321.8,0.0,
ORD115635,2025-08-24 12:09:00,ST02,SKU0007,1,705.44,0.0,
ORD115636,2025-08-24 21:05:00,WEB,SKU0031,1,912.28,0.0,
ORD115636,2025-08-24 15:05:00,WEB,SKU0006,1,775.37,0.0,
ORD115636,2025-08-24 13:54:00,WEB,SKU0050,1,142.58,0.0,
ORD115636,2025-08-24 12:34:00,WEB,SKU0050,3,142.58,0.0,
ORD115637,2025-08-24 12:00:00,ST06,SKU0030,1,862.27,0.0,
ORD115637,2025-08-24 14:19:00,ST06,SKU0048,3,321.8,0.0,
ORD115637,2025-08-24 17:23:00,ST06,SKU0050,3,142.58,0.0,
ORD115637,2025-08-24 19:02:00,ST06,SKU0003,3,892.45,0.0,
ORD115638,2025-08-24 20:53:00,ST03,SKU0031,3,912.28,0.0,
ORD115638,2025-08-24 17:19:00,ST03,SKU0027,2,744.28,0.0,
ORD115639,2025-08-24 18:12:00,WEB,SKU0048,3,321.8,0.0,
ORD115640,2025-08-24 13:51:00,ST03,SKU0011,1,822.13,0.0,
ORD115640,2025-08-24 10:37:00,ST03,SKU0039,2,551.25,0.0,
ORD115640,2025-08-24 14:11:00,ST03,SKU0018,1,503.77,0.0,
ORD115640,2025-08-24 19:58:00,ST03,SKU0003,2,892.45,0.0,
ORD115641,2025-08-24 17:58:00,ST01,SKU0003,2,892.45,0.0,
ORD115641,2025-08-24 16:43:00,ST01,SKU0003,2,892.45,0.0,
ORD115641,2025-08-24 17:27:00,ST01,SKU0003,2,892.45,0.0,
ORD115641,2025-08-24 18:12:00,ST01,SKU0027,3,744.28,0.0,
ORD115642,2025-08-24 15:26:00,ST06,SKU0034,2,364.75,0.0,
ORD115643,2025-08-24 10:55:00,ST04,SKU0003,1,892.45,0.0,
ORD115643,2025-08-24 14:44:00,ST04,SKU0031,1,912.28,0.0,
ORD115643,2025-08-24 14:30:00,ST04,SKU0031,1,912.28,0.0,
ORD115643,2025-08-24 16:15:00,ST04,SKU0003,1,892.45,0.0,
ORD115644,2025-08-24 13:55:00,ST02,SKU0018,2,503.77,0.0,
ORD115645,2025-08-24 12:17:00,ST01,SKU0047,1,486.3,0.0,
ORD115645,2025-08-24 22:52:00,ST01,SKU0003,1,892.45,0.0,
ORD115646,2025-08-24 16:11:00,ST04,SKU0003,1,892.45,0.0,
ORD115647,2025-08-24 21:21:00,ST05,SKU0050,3,142.58,0.0,
ORD115647,2025-08-24 09:54:00,ST05,SKU0043,3,526.02,0.0,
ORD115648,2025-08-24 19:30:00,ST06,SKU0027,1,744.28,0.0,
ORD115648,2025-08-24 08:40:00,ST06,SKU0032,2,796.41,0.0,
ORD115649,2025-08-24 18:05:00,ST03,SKU0050,1,142.58,0.0,
ORD115649,2025-08-24 21:53:00,ST03,SKU0050,1,142.58,0.0,
ORD115649,2025-08-24 14:13:00,ST03,SKU0005,3,898.6,0.0,
ORD115649,2025-08-24 19:16:00,ST03,SKU0027,1,744.28,0.0,
ORD115650,2025-08-24 16:55:00,WEB,SKU0032,2,796.41,0.0,
ORD115651,2025-08-24 20:27:00,WEB,SKU0003,3,892.45,0.0,
ORD115651,2025-08-24 22:02:00,WEB,SKU0050,2,142.58,0.0,
ORD115652,2025-08-24 08:01:00,WEB,SKU0020,3,481.01,0.0,
ORD115653,2025-08-24 18:34:00,ST02,SKU0010,1,27.38,0.0,
ORD115653,2025-08-24 15:34:00,ST02,SKU0050,2,142.58,0.0,
ORD115653,2025-08-24 08:56:00,ST02,SKU0003,3,892.45,0.0,
ORD115653,2025-08-24 18:33:00,ST02,SKU0003,1,892.45,0.0,
ORD115654,2025-08-24 22:53:00,WEB,SKU0039,1,551.25,0.0,
ORD115655,2025-08-24 12:24:00,ST05,SKU0012,1,203.66,0.0,
ORD115656,2025-08-24 15:43:00,WEB,SKU0048,3,321.8,0.0,
ORD115656,2025-08-24 15:53:00,WEB,SKU0003,1,892.45,0.0,
ORD115656,2025-08-24 21:10:00,WEB,SKU0011,3,822.13,0.0,
ORD115657,2025-08-24 08:42:00,ST02,SKU0003,3,892.45,0.0,
ORD115657,2025-08-24 09:47:00,ST02,SKU0043,3,526.02,0.0,
ORD115657,2025-08-24 09:35:00,ST02,SKU0003,2,892.45,0.0,
ORD115657,2025-08-24 14:08:00,ST02,SKU0022,1,664.91,0.0,
ORD115658,2025-08-24 09:21:00,ST06,SKU0050,1,142.58,0.0,
ORD115659,2025-08-24 19:13:00,ST06,SKU0050,2,142.58,0.0,
ORD115659,2025-08-24 13:55:00,ST06,SKU0042,1,641.67,0.0,
ORD115659,2025-08-24 16:45:00,ST06,SKU0020,2,481.01,0.0,
ORD115659,2025-08-24 09:56:00,ST06,SKU0030,3,862.27,0.0,
ORD115660,2025-08-24 14:13:00,WEB,SKU0039,2,551.25,0.0,
ORD115661,2025-08-24 22:36:00,ST04,SKU0050,1,142.58,0.0,
ORD115662,2025-08-24 21:46:00,ST01,SKU0050,2,142.58,0.0,
ORD115662,2025-08-24 09:51:00,ST01,SKU0050,2,142.58,0.0,
ORD115662,2025-08-24 22:49:00,ST01,SKU0050,2,142.58,0.0,
ORD115662,2025-08-24 11:53:00,ST01,SKU0003,1,892.45,0.0,
ORD115663,2025-08-24 22:11:00,ST04,SKU0044,2,115.79,0.0,
ORD115664,2025-08-24 14:50:00,ST03,SKU0050,1,142.58,0.0,
ORD115665,2025-08-24 09:00:00,WEB,SKU0050,3,142.58,0.0,
ORD115665,2025-08-24 09:49:00,WEB,SKU0050,1,142.58,0.0,
ORD115665,2025-08-24 12:59:00,WEB,SKU0027,3,744.28,0.0,
ORD115665,2025-08-24 12:36:00,WEB,SKU0033,3,664.08,0.0,
ORD115666,2025-08-24 14:22:00,WEB,SKU0003,3,892.45,0.0,
ORD115666,2025-08-24 15:48:00,WEB,SKU0030,2,862.27,0.0,
ORD115666,2025-08-24 08:17:00,WEB,SKU0027,1,744.28,0.0,
ORD115666,2025-08-24 10:23:00,WEB,SKU0050,1,142.58,0.0,
ORD115667,2025-08-24 18:51:00,WEB,SKU0050,2,142.58,0.0,
ORD115667,2025-08-24 22:14:00,WEB,SKU0048,3,321.8,0.0,
ORD115668,2025-08-24 11:37:00,B2B,SKU0003,57,892.45,0.0,
ORD115669,2025-08-24 16:12:00,ST02,SKU0018,3,503.77,0.0,
ORD115669,2025-08-24 13:56:00,ST02,SKU0039,1,551.25,0.0,
ORD115669,2025-08-24 16:30:00,ST02,SKU0003,2,892.45,0.0,
ORD115669,2025-08-24 16:08:00,ST02,SKU0003,2,892.45,0.0,
ORD115670,2025-08-24 11:09:00,ST01,SKU0050,3,142.58,0.0,
ORD115670,2025-08-24 11:06:00,ST01,SKU0003,2,892.45,0.0,
ORD115671,2025-08-24 21:31:00,ST05,SKU0003,3,892.45,0.0,
ORD115671,2025-08-24 11:09:00,ST05,SKU0031,1,912.28,0.0,
ORD115671,2025-08-24 13:04:00,ST05,SKU0050,1,142.58,0.0,
ORD115672,2025-08-24 12:16:00,ST01,SKU0050,1,142.58,0.0,
ORD115672,2025-08-24 12:35:00,ST01,SKU0050,2,142.58,0.0,
ORD115672,2025-08-24 19:33:00,ST01,SKU0047,3,486.3,0.0,
ORD115672,2025-08-24 20:39:00,ST01,SKU0020,2,481.01,0.0,
ORD115673,2025-08-24 22:50:00,ST03,SKU0050,1,142.58,0.0,
ORD115673,2025-08-24 10:44:00,ST03,SKU0020,3,481.01,0.0,
ORD115673,2025-08-24 16:55:00,ST03,SKU0007,1,705.44,0.0,
ORD115674,2025-08-24 16:45:00,ST03,SKU0020,3,481.01,0.0,
ORD115674,2025-08-24 19:41:00,ST03,SKU0050,1,142.58,0.0,
ORD115675,2025-08-24 16:44:00,ST03,SKU0050,3,142.58,0.0,
ORD115675,2025-08-24 15:59:00,ST03,SKU0007,1,705.44,0.0,
ORD115675,2025-08-24 19:52:00,ST03,SKU0027,2,744.28,0.0,
ORD115676,2025-08-24 22:27:00,ST01,SKU0050,2,142.58,0.0,
ORD115676,2025-08-24 15:40:00,ST01,SKU0003,2,892.45,0.0,
ORD115676,2025-08-24 12:18:00,ST01,SKU0048,2,321.8,0.0,
ORD115677,2025-08-24 16:34:00,ST01,SKU0021,1,31.55,0.0,
ORD115677,2025-08-24 21:21:00,ST01,SKU0011,3,822.13,0.0,
ORD115677,2025-08-24 15:50:00,ST01,SKU0020,3,481.01,0.0,
ORD115677,2025-08-24 08:16:00,ST01,SKU0019,5,757.09,0.33,PR004
ORD115678,2025-08-24 20:42:00,ST05,SKU0048,1,321.8,0.0,
ORD115678,2025-08-24 12:43:00,ST05,SKU0050,1,142.58,0.0,
ORD115678,2025-08-24 21:12:00,ST05,SKU0027,3,744.28,0.0,
ORD115678,2025-08-24 22:54:00,ST05,SKU0050,2,142.58,0.0,
ORD115679,2025-08-24 09:05:00,ST03,SKU0043,1,526.02,0.0,
ORD115679,2025-08-24 13:13:00,ST03,SKU0006,3,775.37,0.0,
ORD115679,2025-08-24 15:42:00,ST03,SKU0031,2,912.28,0.0,
ORD115680,2025-08-24 17:02:00,ST05,SKU0033,1,664.08,0.0,
ORD115680,2025-08-24 16:09:00,ST05,SKU0003,2,892.45,0.0,
ORD115681,2025-08-24 20:32:00,ST02,SKU0018,2,503.77,0.0,
ORD115681,2025-08-24 12:48:00,ST02,SKU0050,2,142.58,0.0,
ORD115681,2025-08-24 10:04:00,ST02,SKU0032,2,796.41,0.0,
ORD115681,2025-08-24 19:48:00,ST02,SKU0006,2,775.37,0.0,
ORD115682,2025-08-24 12:52:00,WEB,SKU0003,3,892.45,0.0,
ORD115682,2025-08-24 11:16:00,WEB,SKU0003,2,892.45,0.0,
ORD115683,2025-08-24 22:56:00,ST03,SKU0018,2,503.77,0.0,
ORD115683,2025-08-24 17:41:00,ST03,SKU0003,3,892.45,0.0,
ORD115684,2025-08-24 08:21:00,WEB,SKU0003,1,892.45,0.0,
ORD115684,2025-08-24 14:41:00,WEB,SKU0008,2,653.85,0.0,
ORD115684,2025-08-24 22:01:00,WEB,SKU0031,1,912.28,0.0,
ORD115684,2025-08-24 15:38:00,WEB,SKU0003,1,892.45,0.0,
ORD115685,2025-08-24 20:41:00,ST04,SKU0003,3,892.45,0.0,
ORD115685,2025-08-24 14:25:00,ST04,SKU0003,2,892.45,0.0,
ORD115686,2025-08-24 08:23:00,WEB,SKU0003,3,892.45,0.0,
ORD115686,2025-08-24 20:16:00,WEB,SKU0003,1,892.45,0.0,
ORD115686,2025-08-24 13:27:00,WEB,SKU0027,2,744.28,0.0,
ORD115687,2025-08-24 11:33:00,B2B,SKU0021,81,31.55,0.0,
ORD115687,2025-08-24 14:16:00,B2B,SKU0005,20,898.6,0.0,
ORD115688,2025-08-24 10:50:00,ST05,SKU0050,1,142.58,0.0,
ORD115689,2025-08-24 15:50:00,ST03,SKU0027,3,744.28,0.0,
ORD115689,2025-08-24 19:03:00,ST03,SKU0003,3,892.45,0.0,
ORD115689,2025-08-24 11:46:00,ST03,SKU0003,2,892.45,0.0,
ORD115690,2025-08-24 19:12:00,B2B,SKU0050,101,142.58,0.0,
ORD115690,2025-08-24 17:33:00,B2B,SKU0050,97,142.58,0.0,
ORD115690,2025-08-24 18:07:00,B2B,SKU0003,113,892.45,0.0,
ORD115690,2025-08-24 22:49:00,B2B,SKU0003,89,892.45,0.0,
ORD115691,2025-08-24 08:23:00,ST01,SKU0027,3,744.28,0.0,
ORD115692,2025-08-24 21:56:00,ST05,SKU0027,2,744.28,0.0,
ORD115693,2025-08-24 14:20:00,B2B,SKU0019,55,757.09,0.33,PR004
ORD115694,2025-08-24 13:00:00,WEB,SKU0027,1,744.28,0.0,
ORD115695,2025-08-24 17:11:00,WEB,SKU0003,3,892.45,0.0,
ORD115695,2025-08-24 13:08:00,WEB,SKU0003,3,892.45,0.0,
ORD115695,2025-08-24 19:27:00,WEB,SKU0030,3,862.27,0.0,
ORD115695,2025-08-24 13:22:00,WEB,SKU0050,2,142.58,0.0,
ORD115696,2025-08-24 11:30:00,ST05,SKU0003,2,892.45,0.0,
ORD115697,2025-08-24 20:41:00,ST03,SKU0039,2,551.25,0.0,
ORD115697,2025-08-24 18:14:00,ST03,SKU0020,1,481.01,0.0,
ORD115697,2025-08-24 11:55:00,ST03,SKU0003,3,892.45,0.0,
ORD115697,2025-08-24 08:16:00,ST03,SKU0050,3,142.58,0.0,
ORD115698,2025-08-24 13:12:00,ST03,SKU0022,3,664.91,0.0,
ORD115698,2025-08-24 09:05:00,ST03,SKU0031,1,912.28,0.0,
ORD115698,2025-08-24 17:05:00,ST03,SKU0020,3,481.01,0.0,
ORD115698,2025-08-24 17:10:00,ST03,SKU0003,1,892.45,0.0,
ORD115699,2025-08-24 10:02:00,ST05,SKU0031,3,912.28,0.0,
ORD115699,2025-08-24 10:05:00,ST05,SKU0019,3,757.09,0.33,PR004
ORD115700,2025-08-24 17:24:00,ST02,SKU0003,1,892.45,0.0,
ORD115700,2025-08-24 09:35:00,ST02,SKU0031,2,912.28,0.0,
ORD115700,2025-08-24 17:39:00,ST02,SKU0003,3,892.45,0.0,
ORD115701,2025-08-24 13:04:00,B2B,SKU0003,55,892.45,0.0,
ORD115702,2025-08-24 19:17:00,ST02,SKU0048,1,321.8,0.0,
ORD115703,2025-08-24 08:32:00,ST01,SKU0003,3,892.45,0.0,
ORD115703,2025-08-24 18:20:00,ST01,SKU0033,3,664.08,0.0,
ORD115703,2025-08-24 22:22:00,ST01,SKU0050,2,142.58,0.0,
ORD115703,2025-08-24 08:29:00,ST01,SKU0003,3,892.45,0.0,
ORD115704,2025-08-24 17:31:00,B2B,SKU0019,120,757.09,0.33,PR004
ORD115705,2025-08-24 22:04:00,B2B,SKU0030,99,862.27,0.0,
ORD115705,2025-08-24 11:04:00,B2B,SKU0020,40,481.01,0.0,
ORD115705,2025-08-24 21:53:00,B2B,SKU0031,26,912.28,0.0,
ORD115705,2025-08-24 08:53:00,B2B,SKU0018,101,503.77,0.0,
ORD115706,2025-08-24 20:26:00,ST02,SKU0003,1,892.45,0.0,
ORD115706,2025-08-24 22:07:00,ST02,SKU0003,3,892.45,0.0,
ORD115706,2025-08-24 12:51:00,ST02,SKU0043,1,526.02,0.0,
ORD115706,2025-08-24 11:48:00,ST02,SKU0003,3,892.45,0.0,
ORD115707,2025-08-24 22:27:00,WEB,SKU0050,2,142.58,0.0,
ORD115708,2025-08-24 14:14:00,ST05,SKU0043,1,526.02,0.0,
ORD115708,2025-08-24 11:47:00,ST05,SKU0003,3,892.45,0.0,
ORD115708,2025-08-24 11:49:00,ST05,SKU0003,1,892.45,0.0,
ORD115709,2025-08-24 16:20:00,WEB,SKU0003,1,892.45,0.0,
ORD115709,2025-08-24 14:10:00,WEB,SKU0031,2,912.28,0.0,
ORD115709,2025-08-24 19:42:00,WEB,SKU0050,2,142.58,0.0,
ORD115709,2025-08-24 08:23:00,WEB,SKU0003,2,892.45,0.0,
ORD115710,2025-08-24 12:51:00,ST01,SKU0003,1,892.45,0.0,
ORD115710,2025-08-24 14:41:00,ST01,SKU0011,2,822.13,0.0,
ORD115711,2025-08-24 13:01:00,ST02,SKU0003,3,892.45,0.0,
ORD115711,2025-08-24 21:57:00,ST02,SKU0027,3,744.28,0.0,
ORD115712,2025-08-24 10:33:00,WEB,SKU0027,2,744.28,0.0,
ORD115712,2025-08-24 16:41:00,WEB,SKU0004,1,103.87,0.0,
ORD115712,2025-08-24 20:12:00,WEB,SKU0027,2,744.28,0.0,
ORD115712,2025-08-24 14:38:00,WEB,SKU0007,1,705.44,0.0,
ORD115713,2025-08-24 13:37:00,WEB,SKU0007,1,705.44,0.0,
ORD115713,2025-08-24 11:15:00,WEB,SKU0003,3,892.45,0.0,
ORD115713,2025-08-24 16:05:00,WEB,SKU0027,1,744.28,0.0,
ORD115713,2025-08-24 16:03:00,WEB,SKU0020,2,481.01,0.0,
ORD115714,2025-08-24 22:20:00,ST05,SKU0003,2,892.45,0.0,
ORD115714,2025-08-24 18:30:00,ST05,SKU0003,3,892.45,0.0,
ORD115715,2025-08-24 09:02:00,WEB,SKU0003,1,892.45,0.0,
ORD115716,2025-08-24 08:13:00,ST04,SKU0003,1,892.45,0.0,
ORD115716,2025-08-24 11:17:00,ST04,SKU0020,3,481.01,0.0,
ORD115716,2025-08-24 15:13:00,ST04,SKU0003,1,892.45,0.0,
ORD115717,2025-08-24 08:55:00,B2B,SKU0019,91,757.09,0.33,PR004
ORD115717,2025-08-24 15:34:00,B2B,SKU0006,39,775.37,0.0,
ORD115717,2025-08-24 08:40:00,B2B,SKU0027,114,744.28,0.0,
ORD115717,2025-08-24 14:54:00,B2B,SKU0042,92,641.67,0.0,
ORD115718,2025-08-24 18:36:00,ST05,SKU0027,1,744.28,0.0,
ORD115718,2025-08-24 19:32:00,ST05,SKU0003,2,892.45,0.0,
ORD115719,2025-08-24 21:09:00,ST04,SKU0003,2,892.45,0.0,
ORD115719,2025-08-24 13:06:00,ST04,SKU0003,1,892.45,0.0,
ORD115719,2025-08-24 18:21:00,ST04,SKU0020,3,481.01,0.0,
ORD115719,2025-08-24 21:29:00,ST04,SKU0003,2,892.45,0.0,
ORD115720,2025-08-24 14:16:00,WEB,SKU0006,2,775.37,0.0,
ORD115720,2025-08-24 17:26:00,WEB,SKU0050,3,142.58,0.0,
ORD115720,2025-08-24 09:53:00,WEB,SKU0003,1,892.45,0.0,
ORD115721,2025-08-24 11:03:00,WEB,SKU0050,2,142.58,0.0,
ORD115722,2025-08-24 08:18:00,WEB,SKU0050,2,142.58,0.0,
ORD115722,2025-08-24 09:45:00,WEB,SKU0050,2,142.58,0.0,
ORD115723,2025-08-24 10:05:00,ST01,SKU0050,3,142.58,0.0,
ORD115724,2025-08-24 12:33:00,WEB,SKU0003,3,892.45,0.0,
ORD115724,2025-08-24 17:48:00,WEB,SKU0003,2,892.45,0.0,
ORD115724,2025-08-24 22:31:00,WEB,SKU0003,3,892.45,0.0,
ORD115724,2025-08-24 22:23:00,WEB,SKU0003,3,892.45,0.0,
ORD115725,2025-08-24 09:11:00,ST06,SKU0006,2,775.37,0.0,
ORD115726,2025-08-24 11:20:00,ST06,SKU0050,1,142.58,0.0,
ORD115727,2025-08-24 09:49:00,WEB,SKU0003,1,892.45,0.0,
ORD115727,2025-08-24 12:53:00,WEB,SKU0003,3,892.45,0.0,
ORD115727,2025-08-24 13:50:00,WEB,SKU0034,3,364.75,0.0,
ORD115728,2025-08-24 11:12:00,WEB,SKU0003,1,892.45,0.0,
ORD115728,2025-08-24 16:23:00,WEB,SKU0008,3,653.85,0.0,
ORD115728,2025-08-24 16:10:00,WEB,SKU0003,3,892.45,0.0,
ORD115729,2025-08-24 12:00:00,ST03,SKU0050,2,142.58,0.0,
ORD115729,2025-08-24 09:18:00,ST03,SKU0027,1,744.28,0.0,
ORD115729,2025-08-24 16:49:00,ST03,SKU0033,1,664.08,0.0,
ORD115730,2025-08-24 16:31:00,WEB,SKU0003,3,892.45,0.0,
ORD115730,2025-08-24 13:28:00,WEB,SKU0050,1,142.58,0.0,
ORD115730,2025-08-24 18:47:00,WEB,SKU0005,1,898.6,0.0,
ORD115731,2025-08-24 11:07:00,WEB,SKU0039,1,551.25,0.0,
ORD115732,2025-08-24 16:46:00,ST06,SKU0050,1,142.58,0.0,
ORD115732,2025-08-24 10:29:00,ST06,SKU0027,3,744.28,0.0,
ORD115733,2025-08-24 11:46:00,WEB,SKU0027,1,744.28,0.0,
ORD115733,2025-08-24 11:44:00,WEB,SKU0003,3,892.45,0.0,
ORD115734,2025-08-24 13:28:00,ST01,SKU0013,3,43.38,0.0,
ORD115734,2025-08-24 20:11:00,ST01,SKU0050,1,142.58,0.0,
ORD115735,2025-08-24 20:37:00,B2B,SKU0003,73,892.45,0.0,
ORD115735,2025-08-24 14:53:00,B2B,SKU0050,112,142.58,0.0,
ORD115735,2025-08-24 13:31:00,B2B,SKU0033,98,664.08,0.0,
ORD115736,2025-08-24 16:02:00,ST03,SKU0019,2,757.09,0.33,PR004
ORD115736,2025-08-24 08:17:00,ST03,SKU0027,3,744.28,0.0,
ORD115737,2025-08-24 19:54:00,ST01,SKU0003,2,892.45,0.0,
ORD115737,2025-08-24 08:06:00,ST01,SKU0003,2,892.45,0.0,
ORD115737,2025-08-24 17:58:00,ST01,SKU0003,1,892.45,0.0,
ORD115738,2025-08-24 20:02:00,ST01,SKU0012,2,203.66,0.0,
ORD115739,2025-08-24 09:34:00,WEB,SKU0050,2,142.58,0.0,
ORD115739,2025-08-24 10:31:00,WEB,SKU0008,2,653.85,0.0,
ORD115740,2025-08-24 12:12:00,ST05,SKU0027,1,744.28,0.0,
ORD115740,2025-08-24 09:19:00,ST05,SKU0003,3,892.45,0.0,
ORD115740,2025-08-24 16:40:00,ST05,SKU0043,3,526.02,0.0,
ORD115741,2025-08-24 15:40:00,ST02,SKU0030,1,862.27,0.0,
ORD115741,2025-08-24 14:03:00,ST02,SKU0020,3,481.01,0.0,
ORD115741,2025-08-24 21:10:00,ST02,SKU0050,1,142.58,0.0,
ORD115741,2025-08-24 08:39:00,ST02,SKU0050,1,142.58,0.0,
ORD115742,2025-08-24 17:14:00,WEB,SKU0033,1,664.08,0.0,
ORD115742,2025-08-24 15:11:00,WEB,SKU0050,3,142.58,0.0,
ORD115742,2025-08-24 10:23:00,WEB,SKU0030,2,862.27,0.0,
ORD115743,2025-08-24 16:19:00,WEB,SKU0050,1,142.58,0.0,
ORD115743,2025-08-24 16:29:00,WEB,SKU0019,2,757.09,0.33,PR004
ORD115743,2025-08-24 12:46:00,WEB,SKU0003,3,892.45,0.0,
ORD115743,2025-08-24 15:56:00,WEB,SKU0050,2,142.58,0.0,
ORD115744,2025-08-24 18:34:00,ST03,SKU0003,2,892.45,0.0,
ORD115744,2025-08-24 12:26:00,ST03,SKU0003,1,892.45,0.0,
ORD115744,2025-08-24 20:28:00,ST03,SKU0003,1,892.45,0.0,
ORD115744,2025-08-24 12:35:00,ST03,SKU0006,1,775.37,0.0,
ORD115745,2025-08-24 21:51:00,WEB,SKU0003,1,892.45,0.0,
ORD115745,2025-08-24 13:53:00,WEB,SKU0031,3,912.28,0.0,
ORD115745,2025-08-24 09:05:00,WEB,SKU0050,3,142.58,0.0,
ORD115746,2025-08-24 15:38:00,WEB,SKU0003,3,892.45,0.0,
ORD115746,2025-08-24 19:57:00,WEB,SKU0048,1,321.8,0.0,
ORD115746,2025-08-24 10:30:00,WEB,SKU0003,2,892.45,0.0,
ORD115747,2025-08-24 08:17:00,ST03,SKU0003,3,892.45,0.0,
ORD115747,2025-08-24 18:22:00,ST03,SKU0032,1,796.41,0.0,
ORD115748,2025-08-24 09:43:00,ST05,SKU0050,1,142.58,0.0,
ORD115748,2025-08-24 17:30:00,ST05,SKU0003,2,892.45,0.0,
ORD115748,2025-08-24 15:41:00,ST05,SKU0007,2,705.44,0.0,
ORD115749,2025-08-24 18:09:00,ST01,SKU0003,1,892.45,0.0,
ORD115749,2025-08-24 21:05:00,ST01,SKU0050,2,142.58,0.0,
ORD115749,2025-08-24 17:30:00,ST01,SKU0003,3,892.45,0.0,
ORD115749,2025-08-24 09:44:00,ST01,SKU0020,1,481.01,0.0,
ORD115750,2025-08-24 21:05:00,WEB,SKU0050,2,142.58,0.0,
ORD115750,2025-08-24 22:47:00,WEB,SKU0029,4,898.86,0.33,PR006
ORD115750,2025-08-24 15:51:00,WEB,SKU0050,1,142.58,0.0,
ORD115751,2025-08-24 20:35:00,ST02,SKU0050,2,142.58,0.0,
ORD115752,2025-08-24 22:02:00,ST05,SKU0027,2,744.28,0.0,
ORD115752,2025-08-24 16:21:00,ST05,SKU0031,1,912.28,0.0,
ORD115753,2025-08-24 15:37:00,WEB,SKU0003,3,892.45,0.0,
ORD115753,2025-08-24 12:21:00,WEB,SKU0050,2,142.58,0.0,
ORD115754,2025-08-24 15:44:00,ST03,SKU0003,3,892.45,0.0,
ORD115755,2025-08-24 20:24:00,ST03,SKU0048,2,321.8,0.0,
ORD115755,2025-08-24 08:35:00,ST03,SKU0003,1,892.45,0.0,
ORD115756,2025-08-24 18:30:00,WEB,SKU0003,1,892.45,0.0,
ORD115757,2025-08-24 22:12:00,WEB,SKU0003,2,892.45,0.0,
ORD115758,2025-08-24 17:19:00,ST01,SKU0030,2,862.27,0.0,
ORD115758,2025-08-24 19:55:00,ST01,SKU0003,2,892.45,0.0,
ORD115758,2025-08-24 08:05:00,ST01,SKU0003,2,892.45,0.0,
ORD115759,2025-08-24 15:48:00,ST04,SKU0003,2,892.45,0.0,
ORD115759,2025-08-24 11:34:00,ST04,SKU0003,3,892.45,0.0,
ORD115760,2025-08-24 15:06:00,WEB,SKU0027,3,744.28,0.0,
ORD115760,2025-08-24 10:02:00,WEB,SKU0012,3,203.66,0.0,
ORD115760,2025-08-24 19:28:00,WEB,SKU0003,1,892.45,0.0,
ORD115761,2025-08-24 18:02:00,ST04,SKU0027,2,744.28,0.0,
ORD115761,2025-08-24 18:28:00,ST04,SKU0048,1,321.8,0.0,
ORD115761,2025-08-24 21:27:00,ST04,SKU0030,3,862.27,0.0,
ORD115761,2025-08-24 12:28:00,ST04,SKU0050,1,142.58,0.0,
ORD115762,2025-08-24 10:37:00,ST02,SKU0003,2,892.45,0.0,
ORD115762,2025-08-24 08:26:00,ST02,SKU0050,2,142.58,0.0,
ORD115762,2025-08-24 20:53:00,ST02,SKU0027,2,744.28,0.0,
ORD115762,2025-08-24 18:01:00,ST02,SKU0027,3,744.28,0.0,
ORD115763,2025-08-24 17:33:00,B2B,SKU0027,68,744.28,0.0,
ORD115763,2025-08-24 09:53:00,B2B,SKU0005,90,898.6,0.0,
ORD115763,2025-08-24 16:01:00,B2B,SKU0005,94,898.6,0.0,
ORD115763,2025-08-24 16:19:00,B2B,SKU0032,89,796.41,0.0,
ORD115764,2025-08-24 11:28:00,ST03,SKU0003,2,892.45,0.0,
ORD115764,2025-08-24 12:00:00,ST03,SKU0031,3,912.28,0.0,
ORD115764,2025-08-24 21:40:00,ST03,SKU0042,1,641.67,0.0,
ORD115765,2025-08-24 21:13:00,ST04,SKU0007,3,705.44,0.0,
ORD115765,2025-08-24 09:13:00,ST04,SKU0003,2,892.45,0.0,
ORD115765,2025-08-24 14:43:00,ST04,SKU0003,3,892.45,0.0,
ORD115766,2025-08-24 18:37:00,ST06,SKU0003,3,892.45,0.0,
ORD115766,2025-08-24 09:09:00,ST06,SKU0003,3,892.45,0.0,
ORD115766,2025-08-24 17:35:00,ST06,SKU0003,1,892.45,0.0,
ORD115767,2025-08-24 18:17:00,WEB,SKU0003,3,892.45,0.0,
ORD115767,2025-08-24 16:59:00,WEB,SKU0003,1,892.45,0.0,
ORD115767,2025-08-24 10:20:00,WEB,SKU0003,3,892.45,0.0,
ORD115767,2025-08-24 12:07:00,WEB,SKU0050,3,142.58,0.0,
ORD115768,2025-08-24 16:04:00,ST03,SKU0050,2,142.58,0.0,
ORD115768,2025-08-24 19:06:00,ST03,SKU0003,3,892.45,0.0,
ORD115768,2025-08-24 10:53:00,ST03,SKU0003,2,892.45,0.0,
ORD115769,2025-08-24 16:23:00,ST03,SKU0027,2,744.28,0.0,
ORD115769,2025-08-24 20:48:00,ST03,SKU0003,3,892.45,0.0,
ORD115769,2025-08-24 14:35:00,ST03,SKU0027,3,744.28,0.0,
ORD115770,2025-08-24 11:28:00,ST04,SKU0018,1,503.77,0.0,
ORD115770,2025-08-24 10:10:00,ST04,SKU0005,3,898.6,0.0,
ORD115771,2025-08-24 11:10:00,ST01,SKU0050,1,142.58,0.0,
ORD115771,2025-08-24 20:12:00,ST01,SKU0050,1,142.58,0.0,
ORD115772,2025-08-24 22:19:00,B2B,SKU0050,28,142.58,0.0,
ORD115772,2025-08-24 21:34:00,B2B,SKU0003,38,892.45,0.0,
ORD115772,2025-08-24 20:28:00,B2B,SKU0050,76,142.58,0.0,
ORD115772,2025-08-24 20:33:00,B2B,SKU0027,57,744.28,0.0,
ORD115773,2025-08-24 11:03:00,WEB,SKU0031,2,912.28,0.0,
ORD115774,2025-08-24 15:42:00,ST05,SKU0050,3,142.58,0.0,
ORD115774,2025-08-24 17:36:00,ST05,SKU0050,1,142.58,0.0,
ORD115775,2025-08-24 16:46:00,WEB,SKU0043,3,526.02,0.0,
ORD115775,2025-08-24 12:59:00,WEB,SKU0007,2,705.44,0.0,
ORD115775,2025-08-24 10:42:00,WEB,SKU0027,1,744.28,0.0,
ORD115776,2025-08-24 18:06:00,ST01,SKU0031,2,912.28,0.0,
ORD115777,2025-08-24 14:54:00,ST04,SKU0050,3,142.58,0.0,
ORD115777,2025-08-24 12:58:00,ST04,SKU0033,3,664.08,0.0,
ORD115777,2025-08-24 15:54:00,ST04,SKU0008,1,653.85,0.0,
ORD115777,2025-08-24 09:32:00,ST04,SKU0019,3,757.09,0.33,PR004
ORD115778,2025-08-24 14:35:00,B2B,SKU0003,60,892.45,0.0,
ORD115778,2025-08-24 21:44:00,B2B,SKU0050,93,142.58,0.0,
ORD115778,2025-08-24 17:33:00,B2B,SKU0003,106,892.45,0.0,
ORD115779,2025-08-24 18:39:00,ST05,SKU0031,2,912.28,0.0,
ORD115779,2025-08-24 18:39:00,ST05,SKU0050,3,142.58,0.0,
ORD115779,2025-08-24 12:15:00,ST05,SKU0019,4,757.09,0.33,PR004
ORD115780,2025-08-24 18:27:00,ST05,SKU0048,3,321.8,0.0,
ORD115781,2025-08-24 12:44:00,ST01,SKU0049,1,45.33,0.0,
ORD115781,2025-08-24 18:34:00,ST01,SKU0003,2,892.45,0.0,
ORD115782,2025-08-24 20:58:00,B2B,SKU0019,85,757.09,0.33,PR004
ORD115782,2025-08-24 08:20:00,B2B,SKU0039,87,551.25,0.0,
ORD115782,2025-08-24 11:22:00,B2B,SKU0019,57,757.09,0.33,PR004
ORD115782,2025-08-24 19:05:00,B2B,SKU0027,113,744.28,0.0,
ORD115783,2025-08-24 09:50:00,ST03,SKU0031,3,912.28,0.0,
ORD115784,2025-08-24 18:38:00,WEB,SKU0003,2,892.45,0.0,
ORD115784,2025-08-24 10:22:00,WEB,SKU0019,3,757.09,0.33,PR004
ORD115785,2025-08-24 15:11:00,ST01,SKU0003,1,892.45,0.0,
ORD115785,2025-08-24 11:46:00,ST01,SKU0003,3,892.45,0.0,
ORD115785,2025-08-24 13:31:00,ST01,SKU0027,1,744.28,0.0,
ORD115786,2025-08-24 22:59:00,ST05,SKU0030,1,862.27,0.0,
ORD115786,2025-08-24 16:29:00,ST05,SKU0003,2,892.45,0.0,
ORD115786,2025-08-24 13:51:00,ST05,SKU0047,1,486.3,0.0,
ORD115787,2025-08-24 20:51:00,ST06,SKU0010,3,27.38,0.0,
ORD115787,2025-08-24 15:04:00,ST06,SKU0050,1,142.58,0.0,
ORD115787,2025-08-24 20:35:00,ST06,SKU0013,2,43.38,0.0,
ORD115787,2025-08-24 17:30:00,ST06,SKU0003,1,892.45,0.0,
ORD115788,2025-08-24 16:49:00,ST01,SKU0048,1,321.8,0.0,
ORD115788,2025-08-24 13:25:00,ST01,SKU0030,1,862.27,0.0,
ORD115789,2025-08-24 14:20:00,ST02,SKU0013,1,43.38,0.0,
ORD115789,2025-08-24 21:20:00,ST02,SKU0007,2,705.44,0.0,
ORD115789,2025-08-24 10:14:00,ST02,SKU0003,3,892.45,0.0,
ORD115789,2025-08-24 16:57:00,ST02,SKU0007,3,705.44,0.0,
ORD115790,2025-08-24 13:39:00,WEB,SKU0003,2,892.45,0.0,
ORD115790,2025-08-24 12:40:00,WEB,SKU0027,1,744.28,0.0,
ORD115791,2025-08-24 19:30:00,ST05,SKU0050,3,142.58,0.0,
ORD115791,2025-08-24 17:38:00,ST05,SKU0048,3,321.8,0.0,
ORD115791,2025-08-24 13:09:00,ST05,SKU0003,2,892.45,0.0,
ORD115792,2025-08-24 09:49:00,WEB,SKU0050,2,142.58,0.0,
ORD115792,2025-08-24 08:40:00,WEB,SKU0020,3,481.01,0.0,
ORD115792,2025-08-24 17:28:00,WEB,SKU0003,2,892.45,0.0,
ORD115793,2025-08-24 16:36:00,ST02,SKU0046,3,223.59,0.0,
ORD115793,2025-08-24 12:48:00,ST02,SKU0005,3,898.6,0.0,
ORD115793,2025-08-24 12:51:00,ST02,SKU0003,1,892.45,0.0,
ORD115793,2025-08-24 12:28:00,ST02,SKU0003,2,892.45,0.0,
ORD115794,2025-08-24 21:55:00,ST02,SKU0027,3,744.28,0.0,
ORD115795,2025-08-24 09:12:00,ST06,SKU0003,1,892.45,0.0,
ORD115795,2025-08-24 08:10:00,ST06,SKU0048,2,321.8,0.0,
ORD115796,2025-08-24 16:54:00,ST06,SKU0027,2,744.28,0.0,
ORD115796,2025-08-24 13:27:00,ST06,SKU0020,3,481.01,0.0,
ORD115796,2025-08-24 08:51:00,ST06,SKU0002,1,939.58,0.0,
ORD115796,2025-08-24 14:21:00,ST06,SKU0050,1,142.58,0.0,
ORD115797,2025-08-24 16:10:00,ST04,SKU0027,2,744.28,0.0,
ORD115798,2025-08-24 17:01:00,ST01,SKU0020,3,481.01,0.0,
ORD115798,2025-08-24 19:12:00,ST01,SKU0048,3,321.8,0.0,
ORD115798,2025-08-24 09:56:00,ST01,SKU0003,3,892.45,0.0,
ORD115798,2025-08-24 15:37:00,ST01,SKU0008,2,653.85,0.0,
ORD115799,2025-08-24 11:36:00,ST01,SKU0030,1,862.27,0.0,
ORD115799,2025-08-24 14:03:00,ST01,SKU0026,2,661.75,0.0,
ORD115799,2025-08-24 16:25:00,ST01,SKU0003,3,892.45,0.0,
ORD115800,2025-08-24 10:07:00,ST04,SKU0003,2,892.45,0.0,
ORD115800,2025-08-24 16:45:00,ST04,SKU0003,1,892.45,0.0,
ORD115801,2025-08-24 20:26:00,ST05,SKU0050,2,142.58,0.0,
ORD115802,2025-08-24 15:37:00,ST01,SKU0005,3,898.6,0.0,
ORD115803,2025-08-24 22:19:00,ST01,SKU0003,1,892.45,0.0,
ORD115803,2025-08-24 15:50:00,ST01,SKU0050,3,142.58,0.0,
ORD115803,2025-08-24 11:59:00,ST01,SKU0019,2,757.09,0.33,PR004
ORD115803,2025-08-24 19:20:00,ST01,SKU0020,3,481.01,0.0,
ORD115804,2025-08-24 11:54:00,ST06,SKU0029,5,898.86,0.33,PR006
ORD115804,2025-08-24 19:35:00,ST06,SKU0031,3,912.28,0.0,
ORD115804,2025-08-24 12:03:00,ST06,SKU0031,3,912.28,0.0,
ORD115805,2025-08-24 12:58:00,ST03,SKU0003,3,892.45,0.0,
ORD115805,2025-08-24 12:43:00,ST03,SKU0050,1,142.58,0.0,
ORD115805,2025-08-24 18:51:00,ST03,SKU0003,2,892.45,0.0,
ORD115805,2025-08-24 14:10:00,ST03,SKU0003,2,892.45,0.0,
ORD115806,2025-08-24 12:07:00,ST05,SKU0003,1,892.45,0.0,
ORD115806,2025-08-24 18:54:00,ST05,SKU0048,3,321.8,0.0,
ORD115806,2025-08-24 10:42:00,ST05,SKU0031,2,912.28,0.0,
ORD115806,2025-08-24 14:43:00,ST05,SKU0047,3,486.3,0.0,
ORD115807,2025-08-24 16:44:00,WEB,SKU0033,2,664.08,0.0,
ORD115808,2025-08-24 21:54:00,WEB,SKU0003,2,892.45,0.0,
ORD115808,2025-08-24 20:59:00,WEB,SKU0003,1,892.45,0.0,
ORD115808,2025-08-24 08:59:00,WEB,SKU0027,1,744.28,0.0,
ORD115808,2025-08-24 12:53:00,WEB,SKU0003,2,892.45,0.0,
ORD115809,2025-08-24 14:28:00,ST01,SKU0003,1,892.45,0.0,
ORD115809,2025-08-24 11:29:00,ST01,SKU0050,2,142.58,0.0,
ORD115810,2025-08-24 22:14:00,ST05,SKU0044,2,115.79,0.0,
ORD115811,2025-08-24 17:02:00,ST04,SKU0007,3,705.44,0.0,
ORD115811,2025-08-24 15:12:00,ST04,SKU0048,2,321.8,0.0,
ORD115812,2025-08-24 10:04:00,ST01,SKU0032,1,796.41,0.0,
ORD115812,2025-08-24 20:58:00,ST01,SKU0002,2,939.58,0.0,
ORD115812,2025-08-24 18:51:00,ST01,SKU0011,3,822.13,0.0,
ORD115813,2025-08-24 10:50:00,ST05,SKU0003,3,892.45,0.0,
ORD115813,2025-08-24 15:36:00,ST05,SKU0003,2,892.45,0.0,
ORD115813,2025-08-24 14:14:00,ST05,SKU0003,2,892.45,0.0,
ORD115814,2025-08-24 14:16:00,WEB,SKU0050,2,142.58,0.0,
ORD115814,2025-08-24 12:19:00,WEB,SKU0027,1,744.28,0.0,
ORD115814,2025-08-24 10:13:00,WEB,SKU0050,1,142.58,0.0,
ORD115815,2025-08-24 18:51:00,ST06,SKU0003,2,892.45,0.0,
ORD115815,2025-08-24 15:17:00,ST06,SKU0003,2,892.45,0.0,
ORD115816,2025-08-24 10:42:00,ST05,SKU0050,1,142.58,0.0,
ORD115816,2025-08-24 14:06:00,ST05,SKU0027,3,744.28,0.0,
ORD115817,2025-08-24 09:44:00,ST03,SKU0050,2,142.58,0.0,
ORD115818,2025-08-24 19:27:00,ST06,SKU0003,1,892.45,0.0,
ORD115819,2025-08-24 18:08:00,B2B,SKU0050,52,142.58,0.0,
ORD115819,2025-08-24 12:31:00,B2B,SKU0019,31,757.09,0.33,PR004
ORD115819,2025-08-24 08:02:00,B2B,SKU0003,110,892.45,0.0,
ORD115820,2025-08-24 10:59:00,ST06,SKU0039,3,551.25,0.0,
ORD115820,2025-08-24 18:55:00,ST06,SKU0048,2,321.8,0.0,
ORD115820,2025-08-24 17:11:00,ST06,SKU0003,1,892.45,0.0,
ORD115820,2025-08-24 17:31:00,ST06,SKU0050,3,142.58,0.0,
ORD115821,2025-08-24 17:12:00,ST05,SKU0039,3,551.25,0.0,
ORD115821,2025-08-24 09:11:00,ST05,SKU0005,3,898.6,0.0,
ORD115821,2025-08-24 10:41:00,ST05,SKU0003,2,892.45,0.0,
ORD115821,2025-08-24 17:33:00,ST05,SKU0015,3,535.76,0.0,
ORD115822,2025-08-24 09:20:00,ST02,SKU0003,2,892.45,0.0,
ORD115822,2025-08-24 15:53:00,ST02,SKU0027,2,744.28,0.0,
ORD115823,2025-08-24 15:59:00,ST02,SKU0048,3,321.8,0.0,
ORD115823,2025-08-24 14:58:00,ST02,SKU0033,3,664.08,0.0,
ORD115823,2025-08-24 20:21:00,ST02,SKU0020,1,481.01,0.0,
ORD115823,2025-08-24 22:01:00,ST02,SKU0003,1,892.45,0.0,
ORD115824,2025-08-24 10:20:00,WEB,SKU0050,3,142.58,0.0,
ORD115825,2025-08-24 10:38:00,ST04,SKU0003,3,892.45,0.0,
ORD115825,2025-08-24 13:22:00,ST04,SKU0003,2,892.45,0.0,
ORD115826,2025-08-24 21:25:00,ST01,SKU0033,3,664.08,0.0,
ORD115827,2025-08-24 20:26:00,ST05,SKU0048,3,321.8,0.0,
ORD115828,2025-08-24 17:28:00,ST04,SKU0050,1,142.58,0.0,
ORD115828,2025-08-24 12:23:00,ST04,SKU0050,2,142.58,0.0,
ORD115828,2025-08-24 14:39:00,ST04,SKU0050,3,142.58,0.0,
ORD115828,2025-08-24 15:42:00,ST04,SKU0020,2,481.01,0.0,
ORD115829,2025-08-24 20:10:00,ST05,SKU0003,3,892.45,0.0,
ORD115829,2025-08-24 19:08:00,ST05,SKU0031,1,912.28,0.0,
